a <- 5
a
a <- 5
b = 2
b
3 -> c
c